StudyCode,orien1,orien2,orien3,orien4,orien5,orien6
PS13_004,NaN,NaN,NaN,NaN,NaN,NaN
PS14_001,0.99811,0,0.061385,-0.029502,0.87694,0.4797
PS14_003,0.99733,-0.0018256,0.07293,-0.0006221,0.99944,0.033525
PS14_005,0.99179,-0.12753,-0.009174,0.1258,0.96044,0.24845
PS14_006,1,0,0,0,0.99655,-0.082946
PS14_009,0.99916,-0.040613,0.0053421,0.037705,0.96282,0.26751
PS14_014,0.99508,0,0.099033,-0.0010574,0.99994,0.010625
PS14_017,1,0,0,0,0.99132,0.13148
PS14_018,1,0,0,0,0.98521,0.17134
PS14_021,0.98335,-0.085018,-0.16064,0.10698,0.98527,0.13341
PS14_028,0.99708,-0.049924,-0.05776,0.063632,0.96148,0.26741
PS14_020,0.99888,0.047382,0,-0.046118,0.97223,0.22942
PS14_022,0.99754,-0.026603,-0.064912,0.041891,0.96811,0.247
PS14_046,0.98996,-0.13287,0.048207,0.12287,0.97753,0.17127
PS14_041,0.98856,0.041257,-0.14508,-0.030198,0.99652,0.077623
PS14_039,0.99883,-0.036277,0.03187,0.028614,0.9763,0.21451
PS14_019,0.99996,0,0.0094324,-0.0025005,0.96422,0.26508
PS14_051,0.99837,0,0.057025,-0.010857,0.98171,0.19008
PS14_047,0.9996,-0.019283,-0.02078,0.023245,0.97711,0.21148
PS14_015,0.98961,-0.12266,0.074973,0.11441,0.98778,0.10584
PS14_045,0.99234,-0.040783,0.11658,0.044879,0.99846,-0.032731
PS14_050,0.99833,0.047439,0.033124,-0.055956,0.93723,0.3442
PS14_043,0.99578,-0.045326,0.079803,0.040152,0.99706,0.065287
PS14_042,0.99636,-0.065666,0.054262,0.06573,0.99784,0.0006113
PS14_026,0.99127,0.060148,-0.11736,-0.058625,0.99815,0.016387
PS14_053,0.99867,0.050926,-0.0076199,-0.042469,0.89827,0.43739
PS14_060,0.99912,-0.0016268,-0.041852,0.002203,0.9999,0.013725
PS14_057,0.99996,0,-0.0088007,-0.0011091,0.99203,-0.12602
PS14_036,0.9943,-0.0094439,-0.1062,0.03928,0.95846,0.28252
PS14_070,0.98548,-0.13103,-0.10795,0.13904,0.98778,0.070396
PS14_056,0.99792,-0.0098521,-0.063749,0.021403,0.98286,0.18313
PS14_066,0.99729,0.0084455,0.073079,-0.010929,0.99937,0.033646
PS14_068,0.99633,-0.076223,0.038915,0.064064,0.96576,0.25141
PS14_065,0.99239,0.0091835,-0.12278,0.011655,0.98573,0.16792
PS14_058,0.99951,0.029905,-0.0094937,-0.028046,0.98721,0.15696
PS14_072,0.99843,0.048264,-0.028277,-0.05046,0.99528,-0.082913
PS14_086,0.99447,-0.030956,-0.10036,0.044437,0.98985,0.13501
PS14_091,0.99369,-0.0097562,-0.11175,0.020952,0.99482,0.099451
PS14_090,0.99775,0.0042208,0.066943,-0.0063492,0.99948,0.031613
PS14_092,1,0,0,0,0.9717,0.2362
PS14_104,0.99854,0.04485,-0.030158,-0.042597,0.99652,0.071618
PS14_102,0.9943,-0.10573,-0.013325,0.10655,0.98379,0.14426
PS14_083,0.99935,0.03134,0.017943,-0.03189,0.999,0.031224
PS14_105,0.99821,0.058601,0.011897,-0.059624,0.99055,0.12355
PS14_118,0.99947,-0.016307,0.028187,0.004167,0.92252,0.38593
PS14_097,0.99971,0,-0.024241,0.0063308,0.9653,0.26108
PS14_132,0.99982,0,-0.018689,0.00051231,0.99962,0.027409
PS14_138,0.99834,-0.054449,-0.018762,0.054841,0.99827,0.021022
PS14_101,0.99545,-0.09004,0.031019,0.084187,0.98426,0.15535
PS14_103,0.99949,-0.015025,0.028297,0.011793,0.99374,0.11108
PS14_074,0.99868,0.019484,-0.047566,-0.019482,0.99981,0.00049564
PS14_073,0.99476,-0.057811,-0.084376,0.069337,0.98761,0.14078
PS14_122,0.99995,0.0030322,-0.0091332,-0.0020656,0.99457,0.10405
PS14_075,0.99799,-0.051089,-0.037419,0.055547,0.98998,0.12984
PS14_111,0.98595,-0.12823,0.10708,0.10355,0.97207,0.2106
PS14_137,0.99765,-0.066353,-0.017305,0.068117,0.98798,0.13875
PS14_131,0.99685,-0.029301,-0.073668,0.046169,0.96993,0.23896
PS14_144,0.99996,-0.0013157,0.0091624,0.00012131,0.99162,0.12915
PS14_115,0.99035,-0.13747,-0.017881,0.13854,0.97683,0.16313
PS14_079,0.99915,-0.040071,0.0093692,0.037461,0.97989,0.19598
PS14_081,0.99559,-0.077225,0.053218,0.072491,0.99367,0.085774
PS14_094,0.99619,0.019498,-0.084962,-0.0030955,0.98196,0.18906
PS14_080,0.99954,-0.030367,-0.00038107,0.029629,0.97235,0.23166
PS14_139,0.99936,-0.029715,0.019834,0.026803,0.99066,0.13367
PS14_123,0.99922,0.0013648,-0.039465,0.0055796,0.9845,0.17532
PS14_110,0.99996,0.0088354,0,-0.0087268,0.98768,0.15627
PS14_145,0.99982,0,0.019176,0.00048073,0.99969,-0.025066
PS14_071,0.98849,-0.096154,-0.1168,0.11423,0.98057,0.15946
PS14_143,NaN,NaN,NaN,NaN,NaN,NaN
PS14_117,1,0,0,0,0.99402,0.10917
PS14_099,0.99772,0.067385,-0.0049022,-0.06753,0.99229,-0.10395
PS14_120,0.99939,-0.020375,0.028368,0.0070983,0.91375,0.40621
PS14_135,0.99992,-0.0091305,0.0081166,0.0084789,0.997,0.076989
PS15_021,1,0,0,0,0.9972,0.074848
PS14_140,0.99935,0.035428,0.0067806,-0.03588,0.99565,0.08595
PS15_020,0.99006,0.015667,0.13979,-0.051939,0.96427,0.25978
PS15_003,0.99001,0,-0.14102,0.009655,0.99765,0.06778
PS15_004,0.99981,0.00036392,0.019296,-0.00030895,1,-0.0028527
PS15_014,0.99918,-0.028644,-0.028779,0.02654,0.99712,-0.07102
PS15_033,1,0,0,0,0.99373,0.11178
PS15_017,0.99715,-0.074873,-0.0095217,0.074988,0.99711,0.012304
PS15_002,0.99989,-0.015018,0,0.015012,0.99953,-0.026795
PS14_113,0.99623,-0.07912,0.035584,0.075953,0.99365,0.082952
PS15_001,0.99843,0,0.05597,-0.0046471,0.99655,0.082897
PS15_011,1,0,0,0,1,0
PS15_009,1,0,0,0,1,0
PS15_022,1,0,0,0,1,0
PS14_136,1,0,0,0,1,0
PS15_012,1,0,0,0,1,0
PS15_036,1,0,0,0,1,0
PS15_029,1,0,0,0,1,0
PS15_025,1,0,0,0,1,0
PS15_023,1,0,0,0,1,0
PS15_038,1,0,0,0,1,0
PS14_106,1,0,0,0,1,0
PS15_044,1,0,0,0,1,0
PS15_046,1,0,0,0,1,0
PS15_041,1,0,0,0,1,0
PS15_039,1,0,0,0,1,0
PS15_037,1,0,0,0,1,0
PS15_052,1,0,0,0,1,0
PS15_057,1,0,0,0,1,0
PS15_053,1,0,0,0,1,0
PS15_051,1,0,0,0,1,0
PS15_032,1,0,0,0,1,0
PS15_031,1,0,0,0,1,0
PS15_071,1,0,0,0,1,0
PS15_049,1,0,0,0,1,0
CL_DEV_001,1,0,0,0,0.99655,-0.082946
PS15_045,1,0,0,0,1,0
PS15_047,1,0,0,0,1,0
PS15_048,1,0,0,0,1,0
PS15_055,1,0,0,0,1,0
PS15_016,1,0,0,0,1,0
PS15_068,1,0,0,0,1,0
PS15_085,1,0,0,0,1,0
CL_DEV_002,1,0,0,0,1,0
PS15_060,1,0,0,0,1,0
PS15_056,1,0,0,0,1,0
PS15_061,1,0,0,0,1,0
PS15_062,1,0,0,0,1,0
PS15_063,1,0,0,0,1,0
PS15_078,1,0,0,0,1,0
PS15_042,1,0,0,0,1,0
PS15_040,1,0,0,0,1,0
PS15_094,1,0,0,0,1,0
PS15_084,1,0,0,0,1,0
PS15_059,1,0,0,0,1,0
PS15_081,1,0,0,0,1,0
PS15_086,1,0,0,0,1,0
PS15_103,1,0,0,0,1,0
PS15_099,1,0,0,0,1,0
PS15_102,1,0,0,0,1,0
PS15_093,1,0,0,0,1,0
PS15_090,1,0,0,0,1,0
PS15_095,1,0,0,0,1,0
PS15_082,1,0,0,0,1,0
PS15_079,1,0,0,0,1,0
PS15_077,1,0,0,0,1,0
CL_DEV_004,1,0,0,0,1,0
PS15_087,1,0,0,0,1,0
PS15_092,1,0,0,0,1,0
PS15_123,1,0,0,0,1,0
PS15_089,1,0,0,0,1,0
PS15_109,1,0,0,0,1,0
PS15_096,1,0,0,0,1,0
PS15_124,1,0,0,0,1,0
PS15_098,1,0,0,0,1,0
PS15_097,1,0,0,0,1,0
PS15_119,1,0,0,0,1,0
PS15_107,1,0,0,0,1,0
PS15_104,1,0,0,0,1,0
PS15_105,1,0,0,0,1,0
PS15_108,1,0,0,0,1,0
PS15_106,1,0,0,0,1,0
PS15_121,1,0,0,0,1,0
PS15_110,1,0,0,0,1,0
PS15_131,1,0,0,0,1,0
PS15_116,1,0,0,0,1,0
PS15_120,1,0,0,0,1,0
PS15_127,1,0,0,0,1,0
PS15_114,1,0,0,0,1,0
PS15_112,1,0,0,0,1,0
PS15_128,1,0,0,0,1,0
PS15_115,1,0,0,0,1,0
PS15_138,1,0,0,0,1,0
PS15_139,1,0,0,0,1,0
PS15_140,1,0,0,0,1,0
PS15_126,1,0,0,0,1,0
CL_DEV_007,1,0,0,0,1,0
PS15_118,1,0,0,0,1,0
PS15_146,1,0,0,0,1,0
PS15_129,1,0,0,0,1,0
PS15_147,1,0,0,0,1,0
PS15_136,1,0,0,0,1,0
PS15_125,1,0,0,0,1,0
PS15_113,1,0,0,0,1,0
PS15_144,1,0,0,0,1,0
PS16_001,1,0,0,0,1,0
PS16_012,1,0,0,0,1,0
PS16_009,1,0,0,0,1,0
PS16_004,1,0,0,0,1,0
PS16_006,1,0,0,0,1,0
PS16_010,1,0,0,0,1,0
PS16_011,1,0,0,0,1,0
CL_DEV_008,1,0,0,0,1,0
PS16_019,1,0,0,0,1,0
PS16_005,1,0,0,0,1,0
PS16_023,1,0,0,0,1,0
PS16_013,1,0,0,0,1,0
PS16_008,1,0,0,0,1,0
PS16_024,1,0,0,0,1,0
PS16_020,1,0,0,0,1,0
PS16_014,1,0,0,0,1,0
PS16_021,1,0,0,0,1,0
PS16_003,1,0,0,0,1,0
PS1064101,1,0,0,0,1,0
PS16_022,1,0,0,0,1,0
PS16_025,1,0,0,0,1,0
PS16_018,1,0,0,0,1,0
PS0969101,1,0,0,0,1,0
PS1120101,1,0,0,0,1,0
PS0935101,1,0,0,0,1,0
PS16_041,1,0,0,0,1,0
PS16_016,1,0,0,0,1,0
PS16_039,1,0,0,0,1,0
PS1168101,1,0,0,0,1,0
PS16_038,1,0,0,0,1,0
PS16_044,1,0,0,0,1,0
CL_DEV_010,1,0,0,0,1,0
CL_DEV_009,1,0,0,0,1,0
PS16_040,1,0,0,0,1,0
PS1119101,1,0,0,0,1,0
PS16_026,1,0,0,0,1,0
PS16_034,1,0,0,0,1,0
PS16_037,1,0,0,0,1,0
PS16_053,1,0,0,0,1,0
PS16_032,1,0,0,0,1,0
PS16_036,1,0,0,0,1,0
PS16_059,1,0,0,0,1,0
PS16_030,1,0,0,0,1,0
PS16_028,1,0,0,0,1,0
PS16_054,1,0,0,0,1,0
PS16_057,1,0,0,0,1,0
PS16_048,1,0,0,0,1,0
PS16_060,1,0,0,0,1,0
PS16_047,1,0,0,0,1,0
PS16_043,1,0,0,0,1,0
PS16_063,1,0,0,0,1,0
PS16_031,1,0,0,0,1,0
PS1183101,1,0,0,0,1,0
PS16_045,1,0,0,0,1,0
PS16_046,1,0,0,0,1,0
PS16_058,1,0,0,0,1,0
PS16_070,1,0,0,0,1,0
PS16_050,1,0,0,0,1,0
PS16_055,1,0,0,0,1,0
PS16_051,1,0,0,0,1,0
PS16_072,1,0,0,0,1,0
PS16_069,1,0,0,0,1,0
PS0536101,1,0,0,0,1,0
PS16_067,1,0,0,0,1,0
PS16_074,1,0,0,0,1,0
PS0548101,1,0,0,0,1,0
PS16_066,1,0,0,0,1,0
PS1361101,1,0,0,0,1,0
PS1184101,1,0,0,0,1,0
PS0626101,1,0,0,0,1,0
PS16_049,1,0,0,0,1,0
PS16_078,1,0,0,0,1,0
CL_DEV_012,1,0,0,0,1,0
CL_DEV_011,1,0,0,0,1,0
PS16_082,1,0,0,0,1,0
PS16_085,1,0,0,0,1,0
PS16_079,1,0,0,0,1,0
PS1313101,1,0,0,0,1,0
PS16_077,1,0,0,0,1,0
PS1477101,1,0,0,0,1,0
PS0322102,1,0,0,0,1,0
PS16_086,1,0,0,0,1,0
PS16_083,1,0,0,0,1,0
PS16_084,1,0,0,0,1,0
PS16_076,1,0,0,0,1,0
PS16_087,1,0,0,0,1,0
